26
36
Car-amount
Seed
Simulation time (min)
0, 3, 640, 50
1, 2, 400, 50
2, 4, 1030, 50
2, 7, 360, 50
3, 4, 420, 50
3, 11, 650, 50
3, 12, 190, 50
4, 5, 280, 50
5, 6, 600, 50
5, 7, 300, 50
5, 13, 150, 50
6, 9, 120, 50
7, 8, 100, 50
8, 9, 300, 50
9, 10, 150, 50
10, 14, 440, 50
10, 16, 560, 50
11, 24, 670, 50
12, 13, 280, 50
12, 18, 380, 50
13, 14, 280, 50
14, 15, 260, 50
15, 16, 60, 50
15, 18, 260, 50
16, 17, 160, 50
17, 19, 120, 50
17, 21, 270, 50
18, 19, 90, 50
18, 23, 400, 50
19, 20, 673, 50
19, 21, 120, 50
21, 22, 250, 50
22, 23, 120, 50
22, 25, 350, 50
23, 24, 360, 50
24, 25, 190, 50