23
30
Car-amount
Seed
Simulation time (min)
0, 1, 300, 80
1, 2, 2620, 80
1, 21, 2230, 80
2, 3, 560, 50
2, 8, 1540, 50
3, 4, 200, 50
3, 7, 1240, 60
4, 5, 200, 50
4, 6, 1100, 50
6, 7, 600, 50
6, 13, 1080, 50
7, 8, 650, 50
7, 10, 950, 60
8, 9, 200, 50
10, 11, 360, 50
10, 12, 400, 50
11, 12, 340, 50
11, 17, 1070, 50
12, 13, 320, 50
12, 15, 500, 50
13, 14, 300, 50
15, 16, 470, 50
15, 18, 1380, 70
16, 17, 1310, 50
16, 18, 1250, 50
17, 21, 600, 50
18, 19, 330, 70
19, 20, 300, 80
19, 21, 2280, 80
21, 22, 300, 80